0.500000 0.500000 0.500000 0.500000 0.500000 0.500000 0.500000 0.500000 0.500000 0.500000 
0.500000 5.273845 7.351411 8.845356 11.755435 14.070495 15.464653 7.664582 7.435144 4.265889 
0.500000 7.351411 9.845356 13.755435 10.070495 12.464653 12.664582 6.435144 4.265889 8.273845 
0.500000 8.845356 13.755435 11.070495 14.464653 8.664582 10.435144 2.265889 7.273845 11.351411 
0.500000 11.755435 10.070495 14.464653 9.664582 12.435144 5.265889 4.273845 9.351411 6.845356 
0.500000 14.070495 12.464653 8.664582 12.435144 6.265889 6.273845 5.351411 10.845356 10.755435 
0.500000 15.464653 12.664582 10.435144 5.265889 6.273845 6.351411 5.845356 13.755435 14.070495 
0.500000 7.664582 6.435144 2.265889 4.273845 5.351411 5.845356 7.755435 9.070495 9.464653 
0.500000 7.435144 4.265889 7.273845 9.351411 10.845356 13.755435 9.070495 10.464653 9.664582 
0.500000 4.265889 8.273845 11.351411 6.845356 10.755435 14.070495 9.464653 9.664582 10.435144 
