C[0][0] = 0.000000
C[1][1] = 0.000016
A[N-2][M-2] = 0.975156
D[N-2][M-2] = 0.042207
