TimeInstrument_LOOP_1 = 0.00042700 
A[0][0][0][0][0] = 0.000000
A[0][0][0][0][5] = 5.000000
A[0][0][0][5][0] = 5.000000
A[0][0][0][5][5] = 10.000000
A[0][0][5][0][0] = 5.000000
A[0][0][5][0][5] = 10.000000
A[0][0][5][5][0] = 10.000000
A[0][0][5][5][5] = 15.000000
A[0][5][0][0][0] = 5.000000
A[0][5][0][0][5] = 10.000000
A[0][5][0][5][0] = 10.000000
A[0][5][0][5][5] = 15.000000
A[0][5][5][0][0] = 10.000000
A[0][5][5][0][5] = 15.000000
A[0][5][5][5][0] = 15.000000
A[0][5][5][5][5] = 20.000000
A[5][0][0][0][0] = 5.000000
A[5][0][0][0][5] = 10.000000
A[5][0][0][5][0] = 10.000000
A[5][0][0][5][5] = 15.000000
A[5][0][5][0][0] = 10.000000
A[5][0][5][0][5] = 15.000000
A[5][0][5][5][0] = 15.000000
A[5][0][5][5][5] = 20.000000
A[5][5][0][0][0] = 10.000000
A[5][5][0][0][5] = 15.000000
A[5][5][0][5][0] = 15.000000
A[5][5][0][5][5] = 20.000000
A[5][5][5][0][0] = 15.000000
A[5][5][5][0][5] = 20.000000
A[5][5][5][5][0] = 20.000000
A[5][5][5][5][5] = 2190.042055
