Result1: 2161333761.000000
Result2: 29867460.514667
