Sum: 179828.870385
result[0][0][0] = 0.000000
result[19][19][19] = 1083.000000
