TimeInstrument_LOOP_1 = 0.00086000 
Dataset Size N = 10
A[9][9][9][9][9][9] = 9.000000
